curl GET -u LDPFeliciano:sambaderaiz https://api.bitbucket.org/2.0/repositories/LDPFeliciano/comando-gw/commits

https://github.com/LucasFeliciano21/Geteway_Comando/blob/master/build/ESP32_gateway_Async.ino.bin?raw=true

https://raw.githubusercontent.com/LucasFeliciano21/Geteway_Comando/master/build/ESP32_gateway_Async.ino.bin

mongodb+srv://Nodered:lkhabIC7YQpNxI3Y@abellion-7mg0l.mongodb.net/test?retryWrites=true

secure key: 2iWVRkcVyURWz9ji

[91,123,34,110,97,109,101,34,58,34,47,105,109,97,103,101,115,34,44,34,116,121,112,101,34,58,34,102,111,108,100,101,114,34,44,34,115,105,122,101,34,58,49,50,50,53,46,50,51,50,44,34,99,111,110,116,101,110,116,34,58,91,123,34,110,97,109,101,34,58,34,47,69,83,80,51,50,95,103,97,116,101,119,97,121,95,65,115,121,110,99,46,105,110,111,46,98,105,110,34,44,34,116,121,112,101,34,58,34,102,105,108,101,34,44,34,115,105,122,101,34,58,49,50,50,53,46,50,51,50,125,93,125,44,123,34,110,97,109,101,34,58,34,47,99,111,110,102,105,103,117,114,97,116,105,111,110,95,102,105,108,101,115,34,44,34,116,121,112,101,34,58,34,102,111,108,100,101,114,34,44,34,115,105,122,101,34,58,48,46,51,49,51,44,34,99,111,110,116,101,110,116,34,58,91,123,34,110,97,109,101,34,58,34,47,119,105,102,105,99,111,110,102,105,103,46,106,115,111,110,34,44,34,116,121,112,101,34,58,34,102,105,108,101,34,44,34,115,105,122,101,34,58,48,46,51,49,51,125,44,123,34,110,97,109,101,34,58,34,47,99,111,110,102,105,103,46,106,115,111,110,34,44,34,116,121,112,101,34,58,34,102,105,108,101,34,44,34,115,105,122,101,34,58,48,46,50,48,52,125,93,125,44,123,34,110,97,109,101,34,58,34,47,114,101,97,100,101,100,95,100,97,116,97,34,44,34,116,121,112,101,34,58,34,102,111,108,100,101,114,34,44,34,115,105,122,101,34,58,48,46,53,53,44,34,99,111,110,116,101,110,116,34,58,91,123,34,110,97,109,101,34,58,34,47,83,68,45,48,53,48,52,49,57,45,83,84,70,70,51,54,48,53,68,57,46,106,115,111,110,34,44,34,116,121,112,101,34,58,34,102,105,108,101,34,44,34,115,105,122,101,34,58,48,46,53,53,125,44,123,34,110,97,109,101,34,58,34,47,83,68,45,50,50,48,52,49,57,45,83,84,70,70,51,49,48,53,68,55,46,106,115,111,110,34,44,34,116,121,112,101,34,58,34,102,105,108,101,34,44,34,115,105,122,101,34,58,48,46,55]